<number of tasks>
87
<cycle time>
5048
<task times>
1 1673 1673 1673 1673 
2 985 985 985 985 
3 1836 1836 1836 1836 
4 1700 1700 1700 1700 
5 1040 1040 1040 1040 
6 973 973 973 973 
7 2231 2231 2231 2231 
8 700 700 700 700 
9 577 577 577 577 
11 2881 2881 2881 2881 
13 0 2130 2130 0 
14 0 1632 0 1632 
15 0 765 0 765 
17 0 1197 0 0 
19 0 1793 0 0 
20 0 1250 0 0 
21 1133 1133 1133 1133 
22 780 780 780 780 
23 600 600 600 600 
24 850 850 850 850 
25 714 714 714 714 
26 1004 1004 1004 1004 
27 713 713 713 713 
28 500 500 500 500 
29 880 880 880 880 
30 1863 1863 1863 1863 
31 847 847 847 847 
32 667 667 667 667 
33 767 767 767 767 
34 642 642 642 642 
35 1266 1266 1266 1266 
36 1310 1310 1310 1310 
37 1288 1288 1288 1288 
38 1251 1251 1251 1251 
39 1234 1234 1234 1234 
40 1143 1143 1143 1143 
41 792 792 792 792 
42 629 629 629 629 
43 792 792 792 792 
44 663 663 663 663 
45 578 578 578 578 
46 578 578 578 578 
47 578 578 578 578 
48 578 578 578 578 
49 578 578 578 578 
50 578 578 578 578 
51 578 578 578 578 
52 578 578 578 578 
53 578 578 578 578 
54 578 578 578 578 
55 578 578 578 578 
56 578 578 578 578 
57 578 578 578 578 
58 578 578 578 578 
59 578 578 578 578 
60 578 578 578 578 
61 578 578 578 578 
62 578 578 578 578 
63 578 578 578 578 
64 578 578 578 578 
65 578 578 578 578 
66 578 578 578 578 
67 494 494 494 494 
68 594 594 594 594 
69 622 622 622 622 
70 564 564 564 564 
71 464 464 464 464 
72 483 483 483 483 
73 408 408 408 408 
74 748 748 748 748 
75 467 467 467 467 
76 887 887 887 887 
77 1296 1296 1296 1296 
78 396 396 396 396 
79 1100 1100 1100 1100 
80 764 764 764 764 
81 233 233 233 233 
82 912 912 912 912 
83 2543 2543 2543 2543 
84 357 357 357 357 
85 1164 1164 1164 1164 
86 701 701 701 701 
87 286 286 286 286 
88 2100 2100 2100 2100 
89 1300 1300 1300 1300 
90 450 450 450 450 
91 3691 3691 3691 3691 
<precedence relations>
1 2 
2 3 
2 4 
2 6 
3 11 
3 13 
3 14 
4 5 
5 85 
5 86 
6 7 
6 11 
6 13 
6 14 
7 8 
8 9 
9 36 
9 81 
11 19 
11 20 
13 17 
14 15 
15 17 
17 19 
17 20 
19 71 
20 21 
20 22 
20 28 
21 23 
22 34 
23 24 
24 25 
24 30 
25 26 
26 27 
27 36 
28 29 
28 32 
28 81 
29 30 
29 31 
29 73 
30 34 
31 74 
32 33 
33 83 
34 35 
34 39 
34 40 
34 42 
35 36 
35 38 
36 37 
36 41 
36 45 
37 85 
37 86 
38 67 
39 85 
39 86 
40 85 
40 86 
41 85 
41 86 
42 43 
43 44 
44 85 
44 86 
45 46 
46 47 
47 48 
48 49 
49 50 
50 51 
51 52 
52 53 
53 54 
54 55 
55 56 
56 57 
57 58 
58 59 
59 60 
60 61 
61 62 
62 63 
63 64 
64 65 
65 66 
66 80 
66 83 
67 68 
68 69 
69 70 
70 75 
71 72 
72 85 
72 86 
73 74 
74 75 
75 76 
75 78 
76 77 
77 79 
78 79 
79 80 
79 83 
80 84 
81 82 
82 83 
83 84 
84 85 
84 86 
85 87 
86 87 
87 88 
87 90 
88 89 
89 91 
90 91 
<zones>
1 7 
2 13 
3 6 
4 24 
5 23 
6 1 
7 14 
8 20 
9 17 
10 22 
11 17 
13 6 
14 14 
15 2 
16 14 
17 21 
19 22 
20 13 
21 3 
22 6 
23 7 
24 2 
25 7 
26 19 
27 8 
28 9 
29 19 
30 9 
31 17 
32 8 
33 24 
34 12 
35 20 
36 24 
37 1 
38 3 
39 21 
40 22 
41 20 
42 8 
43 19 
44 4 
45 12 
46 6 
47 6 
48 13 
49 6 
50 18 
51 12 
52 13 
53 19 
54 18 
55 2 
56 7 
57 13 
58 18 
59 9 
60 11 
61 22 
62 3 
63 16 
64 3 
65 12 
66 8 
67 14 
68 3 
69 13 
70 15 
71 9 
72 15 
73 12 
74 7 
75 17 
76 3 
77 8 
78 10 
79 1 
80 6 
81 3 
82 9 
83 6 
84 3 
85 18 
86 21 
87 5 
88 4 
89 22 
90 8 
91 13 
<setup times forward>
1 1 0 
1 2 113 
1 3 18 
1 4 328 
1 5 311 
1 6 115 
1 7 133 
1 8 252 
1 9 205 
1 11 195 
1 13 26 
1 14 134 
1 15 103 
1 17 277 
1 19 306 
1 20 109 
1 21 83 
1 22 28 
1 23 9 
1 24 90 
1 25 4 
1 26 241 
1 27 27 
1 28 40 
1 29 232 
1 30 41 
1 31 197 
1 32 23 
1 33 336 
1 34 90 
1 35 248 
1 36 327 
1 37 119 
1 38 82 
1 39 275 
1 40 293 
1 41 251 
1 42 18 
1 43 231 
1 44 60 
1 45 93 
1 46 14 
1 47 29 
1 48 111 
1 49 25 
1 50 214 
1 51 95 
1 52 114 
1 53 244 
1 54 213 
1 55 90 
1 56 6 
1 57 119 
1 58 217 
1 59 45 
1 60 76 
1 61 301 
1 62 74 
1 63 186 
1 64 88 
1 65 108 
1 66 23 
1 67 135 
1 68 72 
1 69 111 
1 70 161 
1 71 46 
1 72 157 
1 73 89 
1 74 9 
1 75 197 
1 76 71 
1 77 22 
1 78 59 
1 79 112 
1 80 20 
1 81 78 
1 82 48 
1 83 25 
1 84 73 
1 85 212 
1 86 272 
1 87 37 
1 88 55 
1 89 292 
1 90 22 
1 91 121 
2 1 113 
2 2 0 
2 3 131 
2 4 215 
2 5 198 
2 6 228 
2 7 20 
2 8 139 
2 9 92 
2 11 82 
2 13 139 
2 14 21 
2 15 216 
2 17 164 
2 19 193 
2 20 4 
2 21 196 
2 22 141 
2 23 104 
2 24 203 
2 25 117 
2 26 128 
2 27 86 
2 28 73 
2 29 119 
2 30 72 
2 31 84 
2 32 90 
2 33 223 
2 34 23 
2 35 135 
2 36 214 
2 37 232 
2 38 195 
2 39 162 
2 40 180 
2 41 138 
2 42 95 
2 43 118 
2 44 173 
2 45 20 
2 46 127 
2 47 142 
2 48 2 
2 49 138 
2 50 101 
2 51 18 
2 52 1 
2 53 131 
2 54 100 
2 55 203 
2 56 107 
2 57 6 
2 58 104 
2 59 68 
2 60 37 
2 61 188 
2 62 187 
2 63 73 
2 64 201 
2 65 5 
2 66 90 
2 67 22 
2 68 185 
2 69 2 
2 70 48 
2 71 67 
2 72 44 
2 73 24 
2 74 104 
2 75 84 
2 76 184 
2 77 91 
2 78 54 
2 79 225 
2 80 133 
2 81 191 
2 82 65 
2 83 138 
2 84 186 
2 85 99 
2 86 159 
2 87 150 
2 88 168 
2 89 179 
2 90 91 
2 91 8 
3 1 18 
3 2 131 
3 3 0 
3 4 346 
3 5 329 
3 6 97 
3 7 151 
3 8 270 
3 9 223 
3 11 213 
3 13 8 
3 14 152 
3 15 85 
3 17 295 
3 19 324 
3 20 127 
3 21 65 
3 22 10 
3 23 27 
3 24 72 
3 25 14 
3 26 259 
3 27 45 
3 28 58 
3 29 250 
3 30 59 
3 31 215 
3 32 41 
3 33 354 
3 34 108 
3 35 266 
3 36 345 
3 37 101 
3 38 64 
3 39 293 
3 40 311 
3 41 269 
3 42 36 
3 43 249 
3 44 42 
3 45 111 
3 46 4 
3 47 11 
3 48 129 
3 49 7 
3 50 232 
3 51 113 
3 52 132 
3 53 262 
3 54 231 
3 55 72 
3 56 24 
3 57 137 
3 58 235 
3 59 63 
3 60 94 
3 61 319 
3 62 56 
3 63 204 
3 64 70 
3 65 126 
3 66 41 
3 67 153 
3 68 54 
3 69 129 
3 70 179 
3 71 64 
3 72 175 
3 73 107 
3 74 27 
3 75 215 
3 76 53 
3 77 40 
3 78 77 
3 79 94 
3 80 2 
3 81 60 
3 82 66 
3 83 7 
3 84 55 
3 85 230 
3 86 290 
3 87 19 
3 88 37 
3 89 310 
3 90 40 
3 91 139 
4 1 328 
4 2 215 
4 3 346 
4 4 0 
4 5 17 
4 6 443 
4 7 195 
4 8 76 
4 9 123 
4 11 133 
4 13 354 
4 14 194 
4 15 431 
4 17 51 
4 19 22 
4 20 219 
4 21 411 
4 22 356 
4 23 319 
4 24 418 
4 25 332 
4 26 87 
4 27 301 
4 28 288 
4 29 96 
4 30 287 
4 31 131 
4 32 305 
4 33 8 
4 34 238 
4 35 80 
4 36 1 
4 37 447 
4 38 410 
4 39 53 
4 40 35 
4 41 77 
4 42 310 
4 43 97 
4 44 388 
4 45 235 
4 46 342 
4 47 357 
4 48 217 
4 49 353 
4 50 114 
4 51 233 
4 52 214 
4 53 84 
4 54 115 
4 55 418 
4 56 322 
4 57 209 
4 58 111 
4 59 283 
4 60 252 
4 61 27 
4 62 402 
4 63 142 
4 64 416 
4 65 220 
4 66 305 
4 67 193 
4 68 400 
4 69 217 
4 70 167 
4 71 282 
4 72 171 
4 73 239 
4 74 319 
4 75 131 
4 76 399 
4 77 306 
4 78 269 
4 79 440 
4 80 348 
4 81 406 
4 82 280 
4 83 353 
4 84 401 
4 85 116 
4 86 56 
4 87 365 
4 88 383 
4 89 36 
4 90 306 
4 91 207 
5 1 311 
5 2 198 
5 3 329 
5 4 17 
5 5 0 
5 6 426 
5 7 178 
5 8 59 
5 9 106 
5 11 116 
5 13 337 
5 14 177 
5 15 414 
5 17 34 
5 19 5 
5 20 202 
5 21 394 
5 22 339 
5 23 302 
5 24 401 
5 25 315 
5 26 70 
5 27 284 
5 28 271 
5 29 79 
5 30 270 
5 31 114 
5 32 288 
5 33 25 
5 34 221 
5 35 63 
5 36 16 
5 37 430 
5 38 393 
5 39 36 
5 40 18 
5 41 60 
5 42 293 
5 43 80 
5 44 371 
5 45 218 
5 46 325 
5 47 340 
5 48 200 
5 49 336 
5 50 97 
5 51 216 
5 52 197 
5 53 67 
5 54 98 
5 55 401 
5 56 305 
5 57 192 
5 58 94 
5 59 266 
5 60 235 
5 61 10 
5 62 385 
5 63 125 
5 64 399 
5 65 203 
5 66 288 
5 67 176 
5 68 383 
5 69 200 
5 70 150 
5 71 265 
5 72 154 
5 73 222 
5 74 302 
5 75 114 
5 76 382 
5 77 289 
5 78 252 
5 79 423 
5 80 331 
5 81 389 
5 82 263 
5 83 336 
5 84 384 
5 85 99 
5 86 39 
5 87 348 
5 88 366 
5 89 19 
5 90 289 
5 91 190 
6 1 115 
6 2 228 
6 3 97 
6 4 443 
6 5 426 
6 6 0 
6 7 248 
6 8 367 
6 9 320 
6 11 310 
6 13 89 
6 14 249 
6 15 12 
6 17 392 
6 19 421 
6 20 224 
6 21 32 
6 22 87 
6 23 124 
6 24 25 
6 25 111 
6 26 356 
6 27 142 
6 28 155 
6 29 347 
6 30 156 
6 31 312 
6 32 138 
6 33 451 
6 34 205 
6 35 363 
6 36 442 
6 37 4 
6 38 33 
6 39 390 
6 40 408 
6 41 366 
6 42 133 
6 43 346 
6 44 55 
6 45 208 
6 46 101 
6 47 86 
6 48 226 
6 49 90 
6 50 329 
6 51 210 
6 52 229 
6 53 359 
6 54 328 
6 55 25 
6 56 121 
6 57 234 
6 58 332 
6 59 160 
6 60 191 
6 61 416 
6 62 41 
6 63 301 
6 64 27 
6 65 223 
6 66 138 
6 67 250 
6 68 43 
6 69 226 
6 70 276 
6 71 161 
6 72 272 
6 73 204 
6 74 124 
6 75 312 
6 76 44 
6 77 137 
6 78 174 
6 79 3 
6 80 95 
6 81 37 
6 82 163 
6 83 90 
6 84 42 
6 85 327 
6 86 387 
6 87 78 
6 88 60 
6 89 407 
6 90 137 
6 91 236 
7 1 133 
7 2 20 
7 3 151 
7 4 195 
7 5 178 
7 6 248 
7 7 0 
7 8 119 
7 9 72 
7 11 62 
7 13 159 
7 14 1 
7 15 236 
7 17 144 
7 19 173 
7 20 24 
7 21 216 
7 22 161 
7 23 124 
7 24 223 
7 25 137 
7 26 108 
7 27 106 
7 28 93 
7 29 99 
7 30 92 
7 31 64 
7 32 110 
7 33 203 
7 34 43 
7 35 115 
7 36 194 
7 37 252 
7 38 215 
7 39 142 
7 40 160 
7 41 118 
7 42 115 
7 43 98 
7 44 193 
7 45 40 
7 46 147 
7 47 162 
7 48 22 
7 49 158 
7 50 81 
7 51 38 
7 52 19 
7 53 111 
7 54 80 
7 55 223 
7 56 127 
7 57 14 
7 58 84 
7 59 88 
7 60 57 
7 61 168 
7 62 207 
7 63 53 
7 64 221 
7 65 25 
7 66 110 
7 67 2 
7 68 205 
7 69 22 
7 70 28 
7 71 87 
7 72 24 
7 73 44 
7 74 124 
7 75 64 
7 76 204 
7 77 111 
7 78 74 
7 79 245 
7 80 153 
7 81 211 
7 82 85 
7 83 158 
7 84 206 
7 85 79 
7 86 139 
7 87 170 
7 88 188 
7 89 159 
7 90 111 
7 91 12 
8 1 252 
8 2 139 
8 3 270 
8 4 76 
8 5 59 
8 6 367 
8 7 119 
8 8 0 
8 9 47 
8 11 57 
8 13 278 
8 14 118 
8 15 355 
8 17 25 
8 19 54 
8 20 143 
8 21 335 
8 22 280 
8 23 243 
8 24 342 
8 25 256 
8 26 11 
8 27 225 
8 28 212 
8 29 20 
8 30 211 
8 31 55 
8 32 229 
8 33 84 
8 34 162 
8 35 4 
8 36 75 
8 37 371 
8 38 334 
8 39 23 
8 40 41 
8 41 1 
8 42 234 
8 43 21 
8 44 312 
8 45 159 
8 46 266 
8 47 281 
8 48 141 
8 49 277 
8 50 38 
8 51 157 
8 52 138 
8 53 8 
8 54 39 
8 55 342 
8 56 246 
8 57 133 
8 58 35 
8 59 207 
8 60 176 
8 61 49 
8 62 326 
8 63 66 
8 64 340 
8 65 144 
8 66 229 
8 67 117 
8 68 324 
8 69 141 
8 70 91 
8 71 206 
8 72 95 
8 73 163 
8 74 243 
8 75 55 
8 76 323 
8 77 230 
8 78 193 
8 79 364 
8 80 272 
8 81 330 
8 82 204 
8 83 277 
8 84 325 
8 85 40 
8 86 20 
8 87 289 
8 88 307 
8 89 40 
8 90 230 
8 91 131 
9 1 205 
9 2 92 
9 3 223 
9 4 123 
9 5 106 
9 6 320 
9 7 72 
9 8 47 
9 9 0 
9 11 10 
9 13 231 
9 14 71 
9 15 308 
9 17 72 
9 19 101 
9 20 96 
9 21 288 
9 22 233 
9 23 196 
9 24 295 
9 25 209 
9 26 36 
9 27 178 
9 28 165 
9 29 27 
9 30 164 
9 31 8 
9 32 182 
9 33 131 
9 34 115 
9 35 43 
9 36 122 
9 37 324 
9 38 287 
9 39 70 
9 40 88 
9 41 46 
9 42 187 
9 43 26 
9 44 265 
9 45 112 
9 46 219 
9 47 234 
9 48 94 
9 49 230 
9 50 9 
9 51 110 
9 52 91 
9 53 39 
9 54 8 
9 55 295 
9 56 199 
9 57 86 
9 58 12 
9 59 160 
9 60 129 
9 61 96 
9 62 279 
9 63 19 
9 64 293 
9 65 97 
9 66 182 
9 67 70 
9 68 277 
9 69 94 
9 70 44 
9 71 159 
9 72 48 
9 73 116 
9 74 196 
9 75 8 
9 76 276 
9 77 183 
9 78 146 
9 79 317 
9 80 225 
9 81 283 
9 82 157 
9 83 230 
9 84 278 
9 85 7 
9 86 67 
9 87 242 
9 88 260 
9 89 87 
9 90 183 
9 91 84 
11 1 195 
11 2 82 
11 3 213 
11 4 133 
11 5 116 
11 6 310 
11 7 62 
11 8 57 
11 9 10 
11 11 0 
11 13 221 
11 14 61 
11 15 298 
11 17 82 
11 19 111 
11 20 86 
11 21 278 
11 22 223 
11 23 186 
11 24 285 
11 25 199 
11 26 46 
11 27 168 
11 28 155 
11 29 37 
11 30 154 
11 31 2 
11 32 172 
11 33 141 
11 34 105 
11 35 53 
11 36 132 
11 37 314 
11 38 277 
11 39 80 
11 40 98 
11 41 56 
11 42 177 
11 43 36 
11 44 255 
11 45 102 
11 46 209 
11 47 224 
11 48 84 
11 49 220 
11 50 19 
11 51 100 
11 52 81 
11 53 49 
11 54 18 
11 55 285 
11 56 189 
11 57 76 
11 58 22 
11 59 150 
11 60 119 
11 61 106 
11 62 269 
11 63 9 
11 64 283 
11 65 87 
11 66 172 
11 67 60 
11 68 267 
11 69 84 
11 70 34 
11 71 149 
11 72 38 
11 73 106 
11 74 186 
11 75 2 
11 76 266 
11 77 173 
11 78 136 
11 79 307 
11 80 215 
11 81 273 
11 82 147 
11 83 220 
11 84 268 
11 85 17 
11 86 77 
11 87 232 
11 88 250 
11 89 97 
11 90 173 
11 91 74 
13 1 26 
13 2 139 
13 3 8 
13 4 354 
13 5 337 
13 6 89 
13 7 159 
13 8 278 
13 9 231 
13 11 221 
13 13 0 
13 14 160 
13 15 77 
13 17 303 
13 19 332 
13 20 135 
13 21 57 
13 22 2 
13 23 35 
13 24 64 
13 25 22 
13 26 267 
13 27 53 
13 28 66 
13 29 258 
13 30 67 
13 31 223 
13 32 49 
13 33 362 
13 34 116 
13 35 274 
13 36 353 
13 37 93 
13 38 56 
13 39 301 
13 40 319 
13 41 277 
13 42 44 
13 43 257 
13 44 34 
13 45 119 
13 46 12 
13 47 3 
13 48 137 
13 49 1 
13 50 240 
13 51 121 
13 52 140 
13 53 270 
13 54 239 
13 55 64 
13 56 32 
13 57 145 
13 58 243 
13 59 71 
13 60 102 
13 61 327 
13 62 48 
13 63 212 
13 64 62 
13 65 134 
13 66 49 
13 67 161 
13 68 46 
13 69 137 
13 70 187 
13 71 72 
13 72 183 
13 73 115 
13 74 35 
13 75 223 
13 76 45 
13 77 48 
13 78 85 
13 79 86 
13 80 6 
13 81 52 
13 82 74 
13 83 1 
13 84 47 
13 85 238 
13 86 298 
13 87 11 
13 88 29 
13 89 318 
13 90 48 
13 91 147 
14 1 134 
14 2 21 
14 3 152 
14 4 194 
14 5 177 
14 6 249 
14 7 1 
14 8 118 
14 9 71 
14 11 61 
14 13 160 
14 14 0 
14 15 237 
14 17 143 
14 19 172 
14 20 25 
14 21 217 
14 22 162 
14 23 125 
14 24 224 
14 25 138 
14 26 107 
14 27 107 
14 28 94 
14 29 98 
14 30 93 
14 31 63 
14 32 111 
14 33 202 
14 34 44 
14 35 114 
14 36 193 
14 37 253 
14 38 216 
14 39 141 
14 40 159 
14 41 117 
14 42 116 
14 43 97 
14 44 194 
14 45 41 
14 46 148 
14 47 163 
14 48 23 
14 49 159 
14 50 80 
14 51 39 
14 52 20 
14 53 110 
14 54 79 
14 55 224 
14 56 128 
14 57 15 
14 58 83 
14 59 89 
14 60 58 
14 61 167 
14 62 208 
14 63 52 
14 64 222 
14 65 26 
14 66 111 
14 67 1 
14 68 206 
14 69 23 
14 70 27 
14 71 88 
14 72 23 
14 73 45 
14 74 125 
14 75 63 
14 76 205 
14 77 112 
14 78 75 
14 79 246 
14 80 154 
14 81 212 
14 82 86 
14 83 159 
14 84 207 
14 85 78 
14 86 138 
14 87 171 
14 88 189 
14 89 158 
14 90 112 
14 91 13 
15 1 103 
15 2 216 
15 3 85 
15 4 431 
15 5 414 
15 6 12 
15 7 236 
15 8 355 
15 9 308 
15 11 298 
15 13 77 
15 14 237 
15 15 0 
15 17 380 
15 19 409 
15 20 212 
15 21 20 
15 22 75 
15 23 112 
15 24 13 
15 25 99 
15 26 344 
15 27 130 
15 28 143 
15 29 335 
15 30 144 
15 31 300 
15 32 126 
15 33 439 
15 34 193 
15 35 351 
15 36 430 
15 37 16 
15 38 21 
15 39 378 
15 40 396 
15 41 354 
15 42 121 
15 43 334 
15 44 43 
15 45 196 
15 46 89 
15 47 74 
15 48 214 
15 49 78 
15 50 317 
15 51 198 
15 52 217 
15 53 347 
15 54 316 
15 55 13 
15 56 109 
15 57 222 
15 58 320 
15 59 148 
15 60 179 
15 61 404 
15 62 29 
15 63 289 
15 64 15 
15 65 211 
15 66 126 
15 67 238 
15 68 31 
15 69 214 
15 70 264 
15 71 149 
15 72 260 
15 73 192 
15 74 112 
15 75 300 
15 76 32 
15 77 125 
15 78 162 
15 79 9 
15 80 83 
15 81 25 
15 82 151 
15 83 78 
15 84 30 
15 85 315 
15 86 375 
15 87 66 
15 88 48 
15 89 395 
15 90 125 
15 91 224 
17 1 277 
17 2 164 
17 3 295 
17 4 51 
17 5 34 
17 6 392 
17 7 144 
17 8 25 
17 9 72 
17 11 82 
17 13 303 
17 14 143 
17 15 380 
17 17 0 
17 19 29 
17 20 168 
17 21 360 
17 22 305 
17 23 268 
17 24 367 
17 25 281 
17 26 36 
17 27 250 
17 28 237 
17 29 45 
17 30 236 
17 31 80 
17 32 254 
17 33 59 
17 34 187 
17 35 29 
17 36 50 
17 37 396 
17 38 359 
17 39 2 
17 40 16 
17 41 26 
17 42 259 
17 43 46 
17 44 337 
17 45 184 
17 46 291 
17 47 306 
17 48 166 
17 49 302 
17 50 63 
17 51 182 
17 52 163 
17 53 33 
17 54 64 
17 55 367 
17 56 271 
17 57 158 
17 58 60 
17 59 232 
17 60 201 
17 61 24 
17 62 351 
17 63 91 
17 64 365 
17 65 169 
17 66 254 
17 67 142 
17 68 349 
17 69 166 
17 70 116 
17 71 231 
17 72 120 
17 73 188 
17 74 268 
17 75 80 
17 76 348 
17 77 255 
17 78 218 
17 79 389 
17 80 297 
17 81 355 
17 82 229 
17 83 302 
17 84 350 
17 85 65 
17 86 5 
17 87 314 
17 88 332 
17 89 15 
17 90 255 
17 91 156 
19 1 306 
19 2 193 
19 3 324 
19 4 22 
19 5 5 
19 6 421 
19 7 173 
19 8 54 
19 9 101 
19 11 111 
19 13 332 
19 14 172 
19 15 409 
19 17 29 
19 19 0 
19 20 197 
19 21 389 
19 22 334 
19 23 297 
19 24 396 
19 25 310 
19 26 65 
19 27 279 
19 28 266 
19 29 74 
19 30 265 
19 31 109 
19 32 283 
19 33 30 
19 34 216 
19 35 58 
19 36 21 
19 37 425 
19 38 388 
19 39 31 
19 40 13 
19 41 55 
19 42 288 
19 43 75 
19 44 366 
19 45 213 
19 46 320 
19 47 335 
19 48 195 
19 49 331 
19 50 92 
19 51 211 
19 52 192 
19 53 62 
19 54 93 
19 55 396 
19 56 300 
19 57 187 
19 58 89 
19 59 261 
19 60 230 
19 61 5 
19 62 380 
19 63 120 
19 64 394 
19 65 198 
19 66 283 
19 67 171 
19 68 378 
19 69 195 
19 70 145 
19 71 260 
19 72 149 
19 73 217 
19 74 297 
19 75 109 
19 76 377 
19 77 284 
19 78 247 
19 79 418 
19 80 326 
19 81 384 
19 82 258 
19 83 331 
19 84 379 
19 85 94 
19 86 34 
19 87 343 
19 88 361 
19 89 14 
19 90 284 
19 91 185 
20 1 109 
20 2 4 
20 3 127 
20 4 219 
20 5 202 
20 6 224 
20 7 24 
20 8 143 
20 9 96 
20 11 86 
20 13 135 
20 14 25 
20 15 212 
20 17 168 
20 19 197 
20 20 0 
20 21 192 
20 22 137 
20 23 100 
20 24 199 
20 25 113 
20 26 132 
20 27 82 
20 28 69 
20 29 123 
20 30 68 
20 31 88 
20 32 86 
20 33 227 
20 34 19 
20 35 139 
20 36 218 
20 37 228 
20 38 191 
20 39 166 
20 40 184 
20 41 142 
20 42 91 
20 43 122 
20 44 169 
20 45 16 
20 46 123 
20 47 138 
20 48 2 
20 49 134 
20 50 105 
20 51 14 
20 52 5 
20 53 135 
20 54 104 
20 55 199 
20 56 103 
20 57 10 
20 58 108 
20 59 64 
20 60 33 
20 61 192 
20 62 183 
20 63 77 
20 64 197 
20 65 1 
20 66 86 
20 67 26 
20 68 181 
20 69 2 
20 70 52 
20 71 63 
20 72 48 
20 73 20 
20 74 100 
20 75 88 
20 76 180 
20 77 87 
20 78 50 
20 79 221 
20 80 129 
20 81 187 
20 82 61 
20 83 134 
20 84 182 
20 85 103 
20 86 163 
20 87 146 
20 88 164 
20 89 183 
20 90 87 
20 91 12 
21 1 83 
21 2 196 
21 3 65 
21 4 411 
21 5 394 
21 6 32 
21 7 216 
21 8 335 
21 9 288 
21 11 278 
21 13 57 
21 14 217 
21 15 20 
21 17 360 
21 19 389 
21 20 192 
21 21 0 
21 22 55 
21 23 92 
21 24 7 
21 25 79 
21 26 324 
21 27 110 
21 28 123 
21 29 315 
21 30 124 
21 31 280 
21 32 106 
21 33 419 
21 34 173 
21 35 331 
21 36 410 
21 37 36 
21 38 1 
21 39 358 
21 40 376 
21 41 334 
21 42 101 
21 43 314 
21 44 23 
21 45 176 
21 46 69 
21 47 54 
21 48 194 
21 49 58 
21 50 297 
21 51 178 
21 52 197 
21 53 327 
21 54 296 
21 55 7 
21 56 89 
21 57 202 
21 58 300 
21 59 128 
21 60 159 
21 61 384 
21 62 9 
21 63 269 
21 64 5 
21 65 191 
21 66 106 
21 67 218 
21 68 11 
21 69 194 
21 70 244 
21 71 129 
21 72 240 
21 73 172 
21 74 92 
21 75 280 
21 76 12 
21 77 105 
21 78 142 
21 79 29 
21 80 63 
21 81 5 
21 82 131 
21 83 58 
21 84 10 
21 85 295 
21 86 355 
21 87 46 
21 88 28 
21 89 375 
21 90 105 
21 91 204 
22 1 28 
22 2 141 
22 3 10 
22 4 356 
22 5 339 
22 6 87 
22 7 161 
22 8 280 
22 9 233 
22 11 223 
22 13 2 
22 14 162 
22 15 75 
22 17 305 
22 19 334 
22 20 137 
22 21 55 
22 22 0 
22 23 37 
22 24 62 
22 25 24 
22 26 269 
22 27 55 
22 28 68 
22 29 260 
22 30 69 
22 31 225 
22 32 51 
22 33 364 
22 34 118 
22 35 276 
22 36 355 
22 37 91 
22 38 54 
22 39 303 
22 40 321 
22 41 279 
22 42 46 
22 43 259 
22 44 32 
22 45 121 
22 46 14 
22 47 1 
22 48 139 
22 49 3 
22 50 242 
22 51 123 
22 52 142 
22 53 272 
22 54 241 
22 55 62 
22 56 34 
22 57 147 
22 58 245 
22 59 73 
22 60 104 
22 61 329 
22 62 46 
22 63 214 
22 64 60 
22 65 136 
22 66 51 
22 67 163 
22 68 44 
22 69 139 
22 70 189 
22 71 74 
22 72 185 
22 73 117 
22 74 37 
22 75 225 
22 76 43 
22 77 50 
22 78 87 
22 79 84 
22 80 8 
22 81 50 
22 82 76 
22 83 3 
22 84 45 
22 85 240 
22 86 300 
22 87 9 
22 88 27 
22 89 320 
22 90 50 
22 91 149 
23 1 9 
23 2 104 
23 3 27 
23 4 319 
23 5 302 
23 6 124 
23 7 124 
23 8 243 
23 9 196 
23 11 186 
23 13 35 
23 14 125 
23 15 112 
23 17 268 
23 19 297 
23 20 100 
23 21 92 
23 22 37 
23 23 0 
23 24 99 
23 25 13 
23 26 232 
23 27 18 
23 28 31 
23 29 223 
23 30 32 
23 31 188 
23 32 14 
23 33 327 
23 34 81 
23 35 239 
23 36 318 
23 37 128 
23 38 91 
23 39 266 
23 40 284 
23 41 242 
23 42 9 
23 43 222 
23 44 69 
23 45 84 
23 46 23 
23 47 38 
23 48 102 
23 49 34 
23 50 205 
23 51 86 
23 52 105 
23 53 235 
23 54 204 
23 55 99 
23 56 3 
23 57 110 
23 58 208 
23 59 36 
23 60 67 
23 61 292 
23 62 83 
23 63 177 
23 64 97 
23 65 99 
23 66 14 
23 67 126 
23 68 81 
23 69 102 
23 70 152 
23 71 37 
23 72 148 
23 73 80 
23 74 0 
23 75 188 
23 76 80 
23 77 13 
23 78 50 
23 79 121 
23 80 29 
23 81 87 
23 82 39 
23 83 34 
23 84 82 
23 85 203 
23 86 263 
23 87 46 
23 88 64 
23 89 283 
23 90 13 
23 91 112 
24 1 90 
24 2 203 
24 3 72 
24 4 418 
24 5 401 
24 6 25 
24 7 223 
24 8 342 
24 9 295 
24 11 285 
24 13 64 
24 14 224 
24 15 13 
24 17 367 
24 19 396 
24 20 199 
24 21 7 
24 22 62 
24 23 99 
24 24 0 
24 25 86 
24 26 331 
24 27 117 
24 28 130 
24 29 322 
24 30 131 
24 31 287 
24 32 113 
24 33 426 
24 34 180 
24 35 338 
24 36 417 
24 37 29 
24 38 8 
24 39 365 
24 40 383 
24 41 341 
24 42 108 
24 43 321 
24 44 30 
24 45 183 
24 46 76 
24 47 61 
24 48 201 
24 49 65 
24 50 304 
24 51 185 
24 52 204 
24 53 334 
24 54 303 
24 55 0 
24 56 96 
24 57 209 
24 58 307 
24 59 135 
24 60 166 
24 61 391 
24 62 16 
24 63 276 
24 64 2 
24 65 198 
24 66 113 
24 67 225 
24 68 18 
24 69 201 
24 70 251 
24 71 136 
24 72 247 
24 73 179 
24 74 99 
24 75 287 
24 76 19 
24 77 112 
24 78 149 
24 79 22 
24 80 70 
24 81 12 
24 82 138 
24 83 65 
24 84 17 
24 85 302 
24 86 362 
24 87 53 
24 88 35 
24 89 382 
24 90 112 
24 91 211 
25 1 4 
25 2 117 
25 3 14 
25 4 332 
25 5 315 
25 6 111 
25 7 137 
25 8 256 
25 9 209 
25 11 199 
25 13 22 
25 14 138 
25 15 99 
25 17 281 
25 19 310 
25 20 113 
25 21 79 
25 22 24 
25 23 13 
25 24 86 
25 25 0 
25 26 245 
25 27 31 
25 28 44 
25 29 236 
25 30 45 
25 31 201 
25 32 27 
25 33 340 
25 34 94 
25 35 252 
25 36 331 
25 37 115 
25 38 78 
25 39 279 
25 40 297 
25 41 255 
25 42 22 
25 43 235 
25 44 56 
25 45 97 
25 46 10 
25 47 25 
25 48 115 
25 49 21 
25 50 218 
25 51 99 
25 52 118 
25 53 248 
25 54 217 
25 55 86 
25 56 10 
25 57 123 
25 58 221 
25 59 49 
25 60 80 
25 61 305 
25 62 70 
25 63 190 
25 64 84 
25 65 112 
25 66 27 
25 67 139 
25 68 68 
25 69 115 
25 70 165 
25 71 50 
25 72 161 
25 73 93 
25 74 13 
25 75 201 
25 76 67 
25 77 26 
25 78 63 
25 79 108 
25 80 16 
25 81 74 
25 82 52 
25 83 21 
25 84 69 
25 85 216 
25 86 276 
25 87 33 
25 88 51 
25 89 296 
25 90 26 
25 91 125 
26 1 241 
26 2 128 
26 3 259 
26 4 87 
26 5 70 
26 6 356 
26 7 108 
26 8 11 
26 9 36 
26 11 46 
26 13 267 
26 14 107 
26 15 344 
26 17 36 
26 19 65 
26 20 132 
26 21 324 
26 22 269 
26 23 232 
26 24 331 
26 25 245 
26 26 0 
26 27 214 
26 28 201 
26 29 9 
26 30 200 
26 31 44 
26 32 218 
26 33 95 
26 34 151 
26 35 7 
26 36 86 
26 37 360 
26 38 323 
26 39 34 
26 40 52 
26 41 10 
26 42 223 
26 43 10 
26 44 301 
26 45 148 
26 46 255 
26 47 270 
26 48 130 
26 49 266 
26 50 27 
26 51 146 
26 52 127 
26 53 3 
26 54 28 
26 55 331 
26 56 235 
26 57 122 
26 58 24 
26 59 196 
26 60 165 
26 61 60 
26 62 315 
26 63 55 
26 64 329 
26 65 133 
26 66 218 
26 67 106 
26 68 313 
26 69 130 
26 70 80 
26 71 195 
26 72 84 
26 73 152 
26 74 232 
26 75 44 
26 76 312 
26 77 219 
26 78 182 
26 79 353 
26 80 261 
26 81 319 
26 82 193 
26 83 266 
26 84 314 
26 85 29 
26 86 31 
26 87 278 
26 88 296 
26 89 51 
26 90 219 
26 91 120 
27 1 27 
27 2 86 
27 3 45 
27 4 301 
27 5 284 
27 6 142 
27 7 106 
27 8 225 
27 9 178 
27 11 168 
27 13 53 
27 14 107 
27 15 130 
27 17 250 
27 19 279 
27 20 82 
27 21 110 
27 22 55 
27 23 18 
27 24 117 
27 25 31 
27 26 214 
27 27 0 
27 28 13 
27 29 205 
27 30 14 
27 31 170 
27 32 4 
27 33 309 
27 34 63 
27 35 221 
27 36 300 
27 37 146 
27 38 109 
27 39 248 
27 40 266 
27 41 224 
27 42 9 
27 43 204 
27 44 87 
27 45 66 
27 46 41 
27 47 56 
27 48 84 
27 49 52 
27 50 187 
27 51 68 
27 52 87 
27 53 217 
27 54 186 
27 55 117 
27 56 21 
27 57 92 
27 58 190 
27 59 18 
27 60 49 
27 61 274 
27 62 101 
27 63 159 
27 64 115 
27 65 81 
27 66 4 
27 67 108 
27 68 99 
27 69 84 
27 70 134 
27 71 19 
27 72 130 
27 73 62 
27 74 18 
27 75 170 
27 76 98 
27 77 5 
27 78 32 
27 79 139 
27 80 47 
27 81 105 
27 82 21 
27 83 52 
27 84 100 
27 85 185 
27 86 245 
27 87 64 
27 88 82 
27 89 265 
27 90 5 
27 91 94 
28 1 40 
28 2 73 
28 3 58 
28 4 288 
28 5 271 
28 6 155 
28 7 93 
28 8 212 
28 9 165 
28 11 155 
28 13 66 
28 14 94 
28 15 143 
28 17 237 
28 19 266 
28 20 69 
28 21 123 
28 22 68 
28 23 31 
28 24 130 
28 25 44 
28 26 201 
28 27 13 
28 28 0 
28 29 192 
28 30 1 
28 31 157 
28 32 17 
28 33 296 
28 34 50 
28 35 208 
28 36 287 
28 37 159 
28 38 122 
28 39 235 
28 40 253 
28 41 211 
28 42 22 
28 43 191 
28 44 100 
28 45 53 
28 46 54 
28 47 69 
28 48 71 
28 49 65 
28 50 174 
28 51 55 
28 52 74 
28 53 204 
28 54 173 
28 55 130 
28 56 34 
28 57 79 
28 58 177 
28 59 5 
28 60 36 
28 61 261 
28 62 114 
28 63 146 
28 64 128 
28 65 68 
28 66 17 
28 67 95 
28 68 112 
28 69 71 
28 70 121 
28 71 6 
28 72 117 
28 73 49 
28 74 31 
28 75 157 
28 76 111 
28 77 18 
28 78 19 
28 79 152 
28 80 60 
28 81 118 
28 82 8 
28 83 65 
28 84 113 
28 85 172 
28 86 232 
28 87 77 
28 88 95 
28 89 252 
28 90 18 
28 91 81 
29 1 232 
29 2 119 
29 3 250 
29 4 96 
29 5 79 
29 6 347 
29 7 99 
29 8 20 
29 9 27 
29 11 37 
29 13 258 
29 14 98 
29 15 335 
29 17 45 
29 19 74 
29 20 123 
29 21 315 
29 22 260 
29 23 223 
29 24 322 
29 25 236 
29 26 9 
29 27 205 
29 28 192 
29 29 0 
29 30 191 
29 31 35 
29 32 209 
29 33 104 
29 34 142 
29 35 16 
29 36 95 
29 37 351 
29 38 314 
29 39 43 
29 40 61 
29 41 19 
29 42 214 
29 43 1 
29 44 292 
29 45 139 
29 46 246 
29 47 261 
29 48 121 
29 49 257 
29 50 18 
29 51 137 
29 52 118 
29 53 12 
29 54 19 
29 55 322 
29 56 226 
29 57 113 
29 58 15 
29 59 187 
29 60 156 
29 61 69 
29 62 306 
29 63 46 
29 64 320 
29 65 124 
29 66 209 
29 67 97 
29 68 304 
29 69 121 
29 70 71 
29 71 186 
29 72 75 
29 73 143 
29 74 223 
29 75 35 
29 76 303 
29 77 210 
29 78 173 
29 79 344 
29 80 252 
29 81 310 
29 82 184 
29 83 257 
29 84 305 
29 85 20 
29 86 40 
29 87 269 
29 88 287 
29 89 60 
29 90 210 
29 91 111 
30 1 41 
30 2 72 
30 3 59 
30 4 287 
30 5 270 
30 6 156 
30 7 92 
30 8 211 
30 9 164 
30 11 154 
30 13 67 
30 14 93 
30 15 144 
30 17 236 
30 19 265 
30 20 68 
30 21 124 
30 22 69 
30 23 32 
30 24 131 
30 25 45 
30 26 200 
30 27 14 
30 28 1 
30 29 191 
30 30 0 
30 31 156 
30 32 18 
30 33 295 
30 34 49 
30 35 207 
30 36 286 
30 37 160 
30 38 123 
30 39 234 
30 40 252 
30 41 210 
30 42 23 
30 43 190 
30 44 101 
30 45 52 
30 46 55 
30 47 70 
30 48 70 
30 49 66 
30 50 173 
30 51 54 
30 52 73 
30 53 203 
30 54 172 
30 55 131 
30 56 35 
30 57 78 
30 58 176 
30 59 4 
30 60 35 
30 61 260 
30 62 115 
30 63 145 
30 64 129 
30 65 67 
30 66 18 
30 67 94 
30 68 113 
30 69 70 
30 70 120 
30 71 5 
30 72 116 
30 73 48 
30 74 32 
30 75 156 
30 76 112 
30 77 19 
30 78 18 
30 79 153 
30 80 61 
30 81 119 
30 82 7 
30 83 66 
30 84 114 
30 85 171 
30 86 231 
30 87 78 
30 88 96 
30 89 251 
30 90 19 
30 91 80 
31 1 197 
31 2 84 
31 3 215 
31 4 131 
31 5 114 
31 6 312 
31 7 64 
31 8 55 
31 9 8 
31 11 2 
31 13 223 
31 14 63 
31 15 300 
31 17 80 
31 19 109 
31 20 88 
31 21 280 
31 22 225 
31 23 188 
31 24 287 
31 25 201 
31 26 44 
31 27 170 
31 28 157 
31 29 35 
31 30 156 
31 31 0 
31 32 174 
31 33 139 
31 34 107 
31 35 51 
31 36 130 
31 37 316 
31 38 279 
31 39 78 
31 40 96 
31 41 54 
31 42 179 
31 43 34 
31 44 257 
31 45 104 
31 46 211 
31 47 226 
31 48 86 
31 49 222 
31 50 17 
31 51 102 
31 52 83 
31 53 47 
31 54 16 
31 55 287 
31 56 191 
31 57 78 
31 58 20 
31 59 152 
31 60 121 
31 61 104 
31 62 271 
31 63 11 
31 64 285 
31 65 89 
31 66 174 
31 67 62 
31 68 269 
31 69 86 
31 70 36 
31 71 151 
31 72 40 
31 73 108 
31 74 188 
31 75 0 
31 76 268 
31 77 175 
31 78 138 
31 79 309 
31 80 217 
31 81 275 
31 82 149 
31 83 222 
31 84 270 
31 85 15 
31 86 75 
31 87 234 
31 88 252 
31 89 95 
31 90 175 
31 91 76 
32 1 23 
32 2 90 
32 3 41 
32 4 305 
32 5 288 
32 6 138 
32 7 110 
32 8 229 
32 9 182 
32 11 172 
32 13 49 
32 14 111 
32 15 126 
32 17 254 
32 19 283 
32 20 86 
32 21 106 
32 22 51 
32 23 14 
32 24 113 
32 25 27 
32 26 218 
32 27 4 
32 28 17 
32 29 209 
32 30 18 
32 31 174 
32 32 0 
32 33 313 
32 34 67 
32 35 225 
32 36 304 
32 37 142 
32 38 105 
32 39 252 
32 40 270 
32 41 228 
32 42 5 
32 43 208 
32 44 83 
32 45 70 
32 46 37 
32 47 52 
32 48 88 
32 49 48 
32 50 191 
32 51 72 
32 52 91 
32 53 221 
32 54 190 
32 55 113 
32 56 17 
32 57 96 
32 58 194 
32 59 22 
32 60 53 
32 61 278 
32 62 97 
32 63 163 
32 64 111 
32 65 85 
32 66 0 
32 67 112 
32 68 95 
32 69 88 
32 70 138 
32 71 23 
32 72 134 
32 73 66 
32 74 14 
32 75 174 
32 76 94 
32 77 1 
32 78 36 
32 79 135 
32 80 43 
32 81 101 
32 82 25 
32 83 48 
32 84 96 
32 85 189 
32 86 249 
32 87 60 
32 88 78 
32 89 269 
32 90 1 
32 91 98 
33 1 336 
33 2 223 
33 3 354 
33 4 8 
33 5 25 
33 6 451 
33 7 203 
33 8 84 
33 9 131 
33 11 141 
33 13 362 
33 14 202 
33 15 439 
33 17 59 
33 19 30 
33 20 227 
33 21 419 
33 22 364 
33 23 327 
33 24 426 
33 25 340 
33 26 95 
33 27 309 
33 28 296 
33 29 104 
33 30 295 
33 31 139 
33 32 313 
33 33 0 
33 34 246 
33 35 88 
33 36 9 
33 37 455 
33 38 418 
33 39 61 
33 40 43 
33 41 85 
33 42 318 
33 43 105 
33 44 396 
33 45 243 
33 46 350 
33 47 365 
33 48 225 
33 49 361 
33 50 122 
33 51 241 
33 52 222 
33 53 92 
33 54 123 
33 55 426 
33 56 330 
33 57 217 
33 58 119 
33 59 291 
33 60 260 
33 61 35 
33 62 410 
33 63 150 
33 64 424 
33 65 228 
33 66 313 
33 67 201 
33 68 408 
33 69 225 
33 70 175 
33 71 290 
33 72 179 
33 73 247 
33 74 327 
33 75 139 
33 76 407 
33 77 314 
33 78 277 
33 79 448 
33 80 356 
33 81 414 
33 82 288 
33 83 361 
33 84 409 
33 85 124 
33 86 64 
33 87 373 
33 88 391 
33 89 44 
33 90 314 
33 91 215 
34 1 90 
34 2 23 
34 3 108 
34 4 238 
34 5 221 
34 6 205 
34 7 43 
34 8 162 
34 9 115 
34 11 105 
34 13 116 
34 14 44 
34 15 193 
34 17 187 
34 19 216 
34 20 19 
34 21 173 
34 22 118 
34 23 81 
34 24 180 
34 25 94 
34 26 151 
34 27 63 
34 28 50 
34 29 142 
34 30 49 
34 31 107 
34 32 67 
34 33 246 
34 34 0 
34 35 158 
34 36 237 
34 37 209 
34 38 172 
34 39 185 
34 40 203 
34 41 161 
34 42 72 
34 43 141 
34 44 150 
34 45 3 
34 46 104 
34 47 119 
34 48 21 
34 49 115 
34 50 124 
34 51 5 
34 52 24 
34 53 154 
34 54 123 
34 55 180 
34 56 84 
34 57 29 
34 58 127 
34 59 45 
34 60 14 
34 61 211 
34 62 164 
34 63 96 
34 64 178 
34 65 18 
34 66 67 
34 67 45 
34 68 162 
34 69 21 
34 70 71 
34 71 44 
34 72 67 
34 73 1 
34 74 81 
34 75 107 
34 76 161 
34 77 68 
34 78 31 
34 79 202 
34 80 110 
34 81 168 
34 82 42 
34 83 115 
34 84 163 
34 85 122 
34 86 182 
34 87 127 
34 88 145 
34 89 202 
34 90 68 
34 91 31 
35 1 248 
35 2 135 
35 3 266 
35 4 80 
35 5 63 
35 6 363 
35 7 115 
35 8 4 
35 9 43 
35 11 53 
35 13 274 
35 14 114 
35 15 351 
35 17 29 
35 19 58 
35 20 139 
35 21 331 
35 22 276 
35 23 239 
35 24 338 
35 25 252 
35 26 7 
35 27 221 
35 28 208 
35 29 16 
35 30 207 
35 31 51 
35 32 225 
35 33 88 
35 34 158 
35 35 0 
35 36 79 
35 37 367 
35 38 330 
35 39 27 
35 40 45 
35 41 3 
35 42 230 
35 43 17 
35 44 308 
35 45 155 
35 46 262 
35 47 277 
35 48 137 
35 49 273 
35 50 34 
35 51 153 
35 52 134 
35 53 4 
35 54 35 
35 55 338 
35 56 242 
35 57 129 
35 58 31 
35 59 203 
35 60 172 
35 61 53 
35 62 322 
35 63 62 
35 64 336 
35 65 140 
35 66 225 
35 67 113 
35 68 320 
35 69 137 
35 70 87 
35 71 202 
35 72 91 
35 73 159 
35 74 239 
35 75 51 
35 76 319 
35 77 226 
35 78 189 
35 79 360 
35 80 268 
35 81 326 
35 82 200 
35 83 273 
35 84 321 
35 85 36 
35 86 24 
35 87 285 
35 88 303 
35 89 44 
35 90 226 
35 91 127 
36 1 327 
36 2 214 
36 3 345 
36 4 1 
36 5 16 
36 6 442 
36 7 194 
36 8 75 
36 9 122 
36 11 132 
36 13 353 
36 14 193 
36 15 430 
36 17 50 
36 19 21 
36 20 218 
36 21 410 
36 22 355 
36 23 318 
36 24 417 
36 25 331 
36 26 86 
36 27 300 
36 28 287 
36 29 95 
36 30 286 
36 31 130 
36 32 304 
36 33 9 
36 34 237 
36 35 79 
36 36 0 
36 37 446 
36 38 409 
36 39 52 
36 40 34 
36 41 76 
36 42 309 
36 43 96 
36 44 387 
36 45 234 
36 46 341 
36 47 356 
36 48 216 
36 49 352 
36 50 113 
36 51 232 
36 52 213 
36 53 83 
36 54 114 
36 55 417 
36 56 321 
36 57 208 
36 58 110 
36 59 282 
36 60 251 
36 61 26 
36 62 401 
36 63 141 
36 64 415 
36 65 219 
36 66 304 
36 67 192 
36 68 399 
36 69 216 
36 70 166 
36 71 281 
36 72 170 
36 73 238 
36 74 318 
36 75 130 
36 76 398 
36 77 305 
36 78 268 
36 79 439 
36 80 347 
36 81 405 
36 82 279 
36 83 352 
36 84 400 
36 85 115 
36 86 55 
36 87 364 
36 88 382 
36 89 35 
36 90 305 
36 91 206 
37 1 119 
37 2 232 
37 3 101 
37 4 447 
37 5 430 
37 6 4 
37 7 252 
37 8 371 
37 9 324 
37 11 314 
37 13 93 
37 14 253 
37 15 16 
37 17 396 
37 19 425 
37 20 228 
37 21 36 
37 22 91 
37 23 128 
37 24 29 
37 25 115 
37 26 360 
37 27 146 
37 28 159 
37 29 351 
37 30 160 
37 31 316 
37 32 142 
37 33 455 
37 34 209 
37 35 367 
37 36 446 
37 37 0 
37 38 37 
37 39 394 
37 40 412 
37 41 370 
37 42 137 
37 43 350 
37 44 59 
37 45 212 
37 46 105 
37 47 90 
37 48 230 
37 49 94 
37 50 333 
37 51 214 
37 52 233 
37 53 363 
37 54 332 
37 55 29 
37 56 125 
37 57 238 
37 58 336 
37 59 164 
37 60 195 
37 61 420 
37 62 45 
37 63 305 
37 64 31 
37 65 227 
37 66 142 
37 67 254 
37 68 47 
37 69 230 
37 70 280 
37 71 165 
37 72 276 
37 73 208 
37 74 128 
37 75 316 
37 76 48 
37 77 141 
37 78 178 
37 79 7 
37 80 99 
37 81 41 
37 82 167 
37 83 94 
37 84 46 
37 85 331 
37 86 391 
37 87 82 
37 88 64 
37 89 411 
37 90 141 
37 91 240 
38 1 82 
38 2 195 
38 3 64 
38 4 410 
38 5 393 
38 6 33 
38 7 215 
38 8 334 
38 9 287 
38 11 277 
38 13 56 
38 14 216 
38 15 21 
38 17 359 
38 19 388 
38 20 191 
38 21 1 
38 22 54 
38 23 91 
38 24 8 
38 25 78 
38 26 323 
38 27 109 
38 28 122 
38 29 314 
38 30 123 
38 31 279 
38 32 105 
38 33 418 
38 34 172 
38 35 330 
38 36 409 
38 37 37 
38 38 0 
38 39 357 
38 40 375 
38 41 333 
38 42 100 
38 43 313 
38 44 22 
38 45 175 
38 46 68 
38 47 53 
38 48 193 
38 49 57 
38 50 296 
38 51 177 
38 52 196 
38 53 326 
38 54 295 
38 55 8 
38 56 88 
38 57 201 
38 58 299 
38 59 127 
38 60 158 
38 61 383 
38 62 8 
38 63 268 
38 64 6 
38 65 190 
38 66 105 
38 67 217 
38 68 10 
38 69 193 
38 70 243 
38 71 128 
38 72 239 
38 73 171 
38 74 91 
38 75 279 
38 76 11 
38 77 104 
38 78 141 
38 79 30 
38 80 62 
38 81 4 
38 82 130 
38 83 57 
38 84 9 
38 85 294 
38 86 354 
38 87 45 
38 88 27 
38 89 374 
38 90 104 
38 91 203 
39 1 275 
39 2 162 
39 3 293 
39 4 53 
39 5 36 
39 6 390 
39 7 142 
39 8 23 
39 9 70 
39 11 80 
39 13 301 
39 14 141 
39 15 378 
39 17 2 
39 19 31 
39 20 166 
39 21 358 
39 22 303 
39 23 266 
39 24 365 
39 25 279 
39 26 34 
39 27 248 
39 28 235 
39 29 43 
39 30 234 
39 31 78 
39 32 252 
39 33 61 
39 34 185 
39 35 27 
39 36 52 
39 37 394 
39 38 357 
39 39 0 
39 40 18 
39 41 24 
39 42 257 
39 43 44 
39 44 335 
39 45 182 
39 46 289 
39 47 304 
39 48 164 
39 49 300 
39 50 61 
39 51 180 
39 52 161 
39 53 31 
39 54 62 
39 55 365 
39 56 269 
39 57 156 
39 58 58 
39 59 230 
39 60 199 
39 61 26 
39 62 349 
39 63 89 
39 64 363 
39 65 167 
39 66 252 
39 67 140 
39 68 347 
39 69 164 
39 70 114 
39 71 229 
39 72 118 
39 73 186 
39 74 266 
39 75 78 
39 76 346 
39 77 253 
39 78 216 
39 79 387 
39 80 295 
39 81 353 
39 82 227 
39 83 300 
39 84 348 
39 85 63 
39 86 3 
39 87 312 
39 88 330 
39 89 17 
39 90 253 
39 91 154 
40 1 293 
40 2 180 
40 3 311 
40 4 35 
40 5 18 
40 6 408 
40 7 160 
40 8 41 
40 9 88 
40 11 98 
40 13 319 
40 14 159 
40 15 396 
40 17 16 
40 19 13 
40 20 184 
40 21 376 
40 22 321 
40 23 284 
40 24 383 
40 25 297 
40 26 52 
40 27 266 
40 28 253 
40 29 61 
40 30 252 
40 31 96 
40 32 270 
40 33 43 
40 34 203 
40 35 45 
40 36 34 
40 37 412 
40 38 375 
40 39 18 
40 40 0 
40 41 42 
40 42 275 
40 43 62 
40 44 353 
40 45 200 
40 46 307 
40 47 322 
40 48 182 
40 49 318 
40 50 79 
40 51 198 
40 52 179 
40 53 49 
40 54 80 
40 55 383 
40 56 287 
40 57 174 
40 58 76 
40 59 248 
40 60 217 
40 61 8 
40 62 367 
40 63 107 
40 64 381 
40 65 185 
40 66 270 
40 67 158 
40 68 365 
40 69 182 
40 70 132 
40 71 247 
40 72 136 
40 73 204 
40 74 284 
40 75 96 
40 76 364 
40 77 271 
40 78 234 
40 79 405 
40 80 313 
40 81 371 
40 82 245 
40 83 318 
40 84 366 
40 85 81 
40 86 21 
40 87 330 
40 88 348 
40 89 1 
40 90 271 
40 91 172 
41 1 251 
41 2 138 
41 3 269 
41 4 77 
41 5 60 
41 6 366 
41 7 118 
41 8 1 
41 9 46 
41 11 56 
41 13 277 
41 14 117 
41 15 354 
41 17 26 
41 19 55 
41 20 142 
41 21 334 
41 22 279 
41 23 242 
41 24 341 
41 25 255 
41 26 10 
41 27 224 
41 28 211 
41 29 19 
41 30 210 
41 31 54 
41 32 228 
41 33 85 
41 34 161 
41 35 3 
41 36 76 
41 37 370 
41 38 333 
41 39 24 
41 40 42 
41 41 0 
41 42 233 
41 43 20 
41 44 311 
41 45 158 
41 46 265 
41 47 280 
41 48 140 
41 49 276 
41 50 37 
41 51 156 
41 52 137 
41 53 7 
41 54 38 
41 55 341 
41 56 245 
41 57 132 
41 58 34 
41 59 206 
41 60 175 
41 61 50 
41 62 325 
41 63 65 
41 64 339 
41 65 143 
41 66 228 
41 67 116 
41 68 323 
41 69 140 
41 70 90 
41 71 205 
41 72 94 
41 73 162 
41 74 242 
41 75 54 
41 76 322 
41 77 229 
41 78 192 
41 79 363 
41 80 271 
41 81 329 
41 82 203 
41 83 276 
41 84 324 
41 85 39 
41 86 21 
41 87 288 
41 88 306 
41 89 41 
41 90 229 
41 91 130 
42 1 18 
42 2 95 
42 3 36 
42 4 310 
42 5 293 
42 6 133 
42 7 115 
42 8 234 
42 9 187 
42 11 177 
42 13 44 
42 14 116 
42 15 121 
42 17 259 
42 19 288 
42 20 91 
42 21 101 
42 22 46 
42 23 9 
42 24 108 
42 25 22 
42 26 223 
